25 25
24 24
24 23
24 24
24 26
23 24
23 25
22 26
25 22
23 23
22 27
23 26
22 28
21 28
25 21
20 28
25 21
26 20
23 29
24 30
24 26
22 29
19 29
24 29
18 30
21 30
25 23
25 31
18 29
23 31
19 28
17 30
25 19
26 22
22 32
23 25
22 23
21 33
21 31
24 18
27 21
26 32
27 31
25 31
28 21
25 33
20 34
16 31
25 17
22 34
24 30
23 22
23 19
24 18
17 32
26 16
21 35
21 36
25 23
20 36
26 17
18 30
19 36
28 30
24 18
24 16
27 30
29 22
21 22
17 28
29 20
26 34
19 33
30 23
23 15
17 29
27 35
26 36
27 34
23 18
30 19
31 18
28 35
15 31
31 18
24 14
23 14
32 18
16 28
27 36
28 34
33 19
30 18
22 17
32 17
34 18
32 16
32 16
34 17
33 15
28 35
30 23
18 37
29 17
35 17
21 18
18 38
35 16
20 37
34 15
17 37
34 17
33 19
21 17
15 32
14 30
19 39
34 15
31 22
20 22
36 17
34 14
14 29
35 13
20 39
35 19
22 13
16 36
33 15
19 40
36 20
29 33
15 28
36 13
14 27
33 13
37 13
14 27
36 20
32 21
37 21
20 22
36 12
28 29
20 17
38 22
29 28
39 23
19 23
35 11
13 26
40 23
19 17
37 14
38 13
41 22
19 16
42 23
36 10
18 23
18 15
22 13
21 39
18 18
37 10
43 22
39 12
17 38
43 21
42 22
30 32
31 16
28 37
23 12
43 23
12 27
42 20
44 24
14 26
41 24
28 38
42 24
44 21
31 33
18 14
17 17
18 14
38 9
15 35
34 11
45 25
32 32
16 39
31 31
16 37
45 25
45 21
46 26
46 27
45 27
17 23
12 26
25 14
11 28
44 26
43 19
47 28
24 11
23 12
22 37
29 33
46 21
47 28
40 25
21 40
16 16
46 29
24 10
47 22
46 24
12 26
31 30
39 26
40 11
25 9
32 34
13 31
10 27
16 23
19 16
16 17
19 40
17 14
26 9
39 14
22 12
17 19
38 8
33 35
15 38
12 31
40 10
21 11
29 38
15 40
16 40
14 39
38 7
11 29
28 38
39 6
17 40
41 26
45 30
45 30
34 34
26 10
44 30
20 41
22 41
48 28
9 28
28 39
14 37
10 27
38 5
37 9
38 10
21 42
33 13
38 6
9 27
41 9
46 31
46 31
41 9
44 30
10 27
33 10
20 10
15 41
17 13
41 12
17 12
38 4
34 35
13 39
28 40
20 43
19 10
38 27
18 10
8 27
39 6
14 40
38 20
17 10
40 7
19 44
39 6
16 9
43 27
20 45
29 40
27 37
19 46
33 9
20 10
23 42
7 26
24 9
14 34
45 31
9 28
16 13
25 8
17 8
14 35
18 47
45 32
10 28
24 41
42 9
16 14
7 27
20 45
13 25
32 8
15 12
15 10
30 40
45 33
33 36
46 34
8 29
17 48
28 41
47 35
47 33
7 30
34 37
24 43
8 31
41 12
24 44
6 25
14 10
41 6
12 38
6 31
44 34
17 49
48 36
6 30
43 10
18 47
17 8
6 29
47 32
46 36
5 24
18 7
5 32
16 14
17 48
13 11
17 6
46 37
45 38
17 50
15 9
44 11
31 41
13 39
34 38
16 19
45 38
18 5
35 37
