25 25
25 24
24 23
23 23
25 24
26 24
24 26
23 25
24 26
23 26
26 23
24 26
26 22
26 24
25 21
24 27
27 21
22 27
23 22
28 20
26 21
29 20
30 20
28 19
27 20
27 21
27 18
29 19
27 24
28 17
27 19
25 27
23 21
30 19
31 18
21 27
27 25
28 17
22 27
22 20
22 27
25 20
27 17
21 28
21 21
20 26
31 17
29 18
22 19
23 27
20 28
20 28
22 25
30 16
32 18
20 28
30 15
31 18
28 16
20 20
28 26
28 15
30 14
20 20
28 26
20 29
28 14
24 28
19 27
19 20
30 14
21 22
18 21
18 26
19 30
18 20
23 18
31 14
17 25
33 19
29 25
18 30
17 19
18 25
17 25
28 13
20 30
32 20
19 30
26 16
30 26
16 26
30 26
31 27
17 29
18 24
26 15
18 25
17 21
27 12
32 13
16 21
16 19
16 30
16 21
32 13
16 29
33 19
29 13
29 12
19 31
18 18
26 11
26 12
17 19
19 31
31 25
26 11
24 28
19 31
27 12
31 12
15 18
33 13
32 12
15 22
16 20
34 13
15 18
33 12
14 17
16 24
32 21
35 13
27 27
15 19
14 18
13 19
33 22
32 28
15 23
34 12
34 12
26 13
23 18
14 16
33 11
32 21
15 16
