50 25
50 26
50 25
50 25
50 24
50 25
50 25
50 24
50 25
50 26
50 24
50 26
50 26
50 26
50 26
50 26
50 24
50 26
50 26
50 26
50 26
50 24
50 25
50 26
50 24
50 26
50 26
50 27
50 25
50 27
50 23
50 27
50 26
49 23
50 22
49 22
50 27
49 22
49 27
50 22
50 25
50 22
50 22
50 28
50 25
50 28
50 29
49 21
50 23
50 27
49 21
49 27
48 22
48 21
48 27
50 28
48 27
50 20
49 29
49 29
49 30
48 20
49 28
50 29
49 24
49 31
48 19
48 30
49 31
50 19
49 29
49 30
49 21
48 30
50 19
50 30
47 28
47 18
48 31
50 18
46 17
48 18
49 19
46 17
50 32
49 31
47 17
46 17
46 17
49 33
47 32
48 31
47 31
47 30
47 16
49 32
49 32
48 17
49 17
48 32
48 15
47 20
45 17
49 34
48 33
48 17
46 15
47 16
46 15
48 17
48 32
49 35
47 28
50 17
48 34
49 16
47 15
46 20
47 34
49 14
50 33
49 16
47 34
49 13
46 34
48 14
48 13
45 14
47 12
45 34
46 14
47 28
50 13
50 12
47 11
44 13
46 11
46 35
45 14
49 11
46 36
49 35
49 10
49 36
44 12
44 12
50 11
46 36
45 35
49 11
47 11
47 37
45 13
49 36
49 37
50 11
50 9
46 36
49 10
48 9
47 38
48 38
46 38
50 38
49 8
46 28
43 13
49 9
49 38
45 34
43 12
50 38
45 10
48 39
50 7
43 11
50 8
47 8
45 37
42 11
50 7
45 36
46 39
47 39
48 27
50 7
45 39
46 39
43 10
45 9
44 36
47 39
46 8
47 7
46 7
43 9
46 40
48 40
44 39
48 39
42 9
49 7
49 6
50 6
48 9
46 6
48 41
49 5
45 8
50 5
45 7
49 6
48 41
44 8
49 6
46 5
41 11
50 5
50 4
45 7
49 6
45 6
47 6
46 5
50 4
49 3
49 4
48 40
50 3
40 11
44 37
45 41
50 2
44 42
45 5
48 2
47 5
44 5
44 40
49 40
47 41
43 40
47 41
50 4
47 41
49 2
41 8
46 42
48 3
47 1
43 6
50 1
49 1
44 40
47 1
50 40
39 10
50 2
44 4
47 42
47 42
48 3
49 2
44 4
49 1
43 4
49 2
48 0
44 43
44 4
48 0
46 0
43 3
42 41
46 43
42 40
44 5
48 43
42 4
47 42
46 0
45 43
49 2
45 3
44 2
42 2
42 2
46 44
43 43
43 3
43 44
49 42
46 2
48 43
44 44
40 7
42 42
39 6
45 1
41 10
41 2
38 9
44 44
44 45
44 42
42 3
44 44
50 42
41 3
47 44
39 6
42 1
41 4
45 45
47 45
38 9
43 1
41 1
44 45
42 45
42 4
45 46
41 0
45 47
40 2
40 1
42 46
41 43
48 46
46 29
46 47
49 44
43 46
47 44
49 44
49 46
47 48
38 7
47 46
47 47
48 47
48 46
45 47
45 46
47 47
41 46
40 4
42 46
46 48
41 0
44 48
44 47
42 47
47 49
40 46
40 47
45 47
40 3
38 8
46 47
46 49
42 47
44 35
48 49
46 50
42 40
43 48
46 50
48 50
47 49
42 48
41 47
39 1
39 5
48 50
39 45
48 50
39 48
40 45
39 47
38 45
38 0
38 49
39 47
49 48
39 48
38 50
44 37
37 46
38 47
37 50
37 1
37 49
38 49
36 48
38 45
37 50
37 6
39 45
36 6
43 11
40 43
36 6
36 1
37 5
35 49
35 48
37 1
37 1
34 49
36 2
33 50
33 49
33 50
38 9
37 45
36 2
35 0
34 0
32 48
37 45
33 49
44 40
31 48
32 48
33 0
32 0
32 50
39 9
33 1
36 7
30 48
29 47
31 49
28 47
41 39
32 1
31 47
36 46
36 45
31 0
43 37
32 47
31 50
35 8
30 48
31 2
35 7
27 48
37 44
32 1
40 38
29 46
34 1
26 49
29 49
28 45
29 48
29 46
28 47
25 48
27 44
43 34
25 48
43 12
26 44
24 48
24 48
30 2
25 44
23 47
26 44
26 45
22 46
24 43
23 48
21 45
28 43
21 45
21 44
24 42
35 6
24 42
45 30
43 14
20 43
19 44
30 3
19 43
20 45
38 11
20 45
34 8
29 3
21 47
22 49
18 44
19 45
29 4
21 46
35 7
29 3
17 43
18 44
34 8
33 9
17 43
21 47
29 42
16 42
37 9
30 4
20 47
32 10
15 42
15 43
15 43
15 41
15 40
34 6
15 44
40 37
14 44
31 5
28 4
16 41
14 42
14 43
14 43
15 43
23 43
14 45
27 5
14 41
13 45
20 48
27 4
14 39
16 44
21 42
12 45
14 38
15 46
12 44
12 46
20 47
31 6
12 44
37 9
16 40
16 47
14 37
13 46
11 44
16 47
12 43
12 46
31 11
11 42
31 10
21 50
12 43
12 43
19 47
11 43
10 43
27 6
37 12
20 41
37 11
9 44
12 41
13 47
9 44
13 36
10 45
17 40
10 43
9 44
11 45
13 35
12 35
10 46
8 44
7 43
7 44
7 44
14 35
15 48
10 41
16 49
7 42
16 49
13 48
6 42
14 48
6 45
6 44
12 37
5 44
12 49
5 42
5 46
6 41
6 45
10 42
15 35
5 44
16 36
6 45
15 35
6 41
13 36
6 45
13 35
5 46
11 50
9 41
12 40
4 43
13 34
13 34
11 36
10 40
11 34
6 46
4 45
4 43
12 35
4 41
17 36
10 39
5 44
4 44
27 6
13 33
9 40
14 33
3 40
10 36
4 41
3 43
5 47
7 40
5 47
6 39
4 48
9 36
4 39
26 4
9 38
4 39
3 48
10 36
9 46
8 37
10 35
3 49
2 49
25 3
28 41
3 46
4 49
15 32
5 39
13 33
2 40
3 38
15 31
16 31
2 37
24 2
1 50
3 46
26 6
3 37
1 38
14 30
43 33
24 2
21 41
0 49
3 36
16 32
5 38
1 38
3 46
0 37
17 31
13 29
25 3
14 29
43 32
25 6
13 29
2 36
2 46
12 28
17 35
17 31
27 7
15 28
18 35
13 28
3 37
16 27
1 36
11 28
1 36
19 35
11 28
25 6
10 28
12 27
17 35
48 22
23 3
20 35
11 34
16 27
11 28
23 1
9 28
24 6
9 27
2 44
18 32
9 26
10 26
42 33
9 29
11 26
2 35
22 3
8 35
13 27
9 25
25 7
8 27
8 35
9 24
26 7
21 2
24 8
0 36
7 26
15 26
7 28
22 1
8 25
23 9
8 25
7 29
21 4
23 9
6 25
10 25
23 9
23 7
20 5
23 8
7 24
5 26
30 10
30 11
1 34
8 24
5 24
22 6
6 26
6 30
6 23
8 24
6 30
4 24
19 6
4 23
6 22
22 9
5 31
4 26
5 23
3 26
6 21
5 30
6 22
21 9
7 21
20 1
8 21
5 27
20 7
7 20
27 8
21 9
20 0
2 26
7 22
19 6
21 9
20 9
19 0
19 2
3 22
3 27
8 19
18 7
5 21
4 23
18 5
19 9
8 19
2 22
8 19
20 10
5 21
18 6
9 19
3 28
19 2
18 10
21 11
18 1
1 23
17 7
6 19
9 18
2 33
4 20
17 7
0 33
0 23
20 10
16 6
18 9
17 11
9 17
18 10
45 21
0 22
5 18
15 7
5 20
18 3
4 17
6 18
15 5
17 0
15 5
1 32
16 12
3 17
17 13
17 12
8 16
30 12
17 0
15 13
3 17
14 5
9 16
10 23
10 15
15 12
7 16
14 12
44 16
2 17
9 16
16 12
6 17
11 23
1 31
11 15
17 26
9 15
14 8
13 13
14 12
8 14
2 18
1 17
16 26
0 18
14 13
2 16
0 16
12 16
4 16
13 6
17 11
2 15
17 0
8 15
15 4
1 14
12 6
14 4
7 13
16 4
3 15
1 13
5 15
11 7
8 13
22 11
5 15
11 17
16 3
17 26
7 13
11 6
1 12
6 14
2 11
36 12
11 6
0 11
5 15
18 26
12 18
17 13
11 6
1 10
9 13
14 5
17 10
21 12
2 10
6 12
8 12
16 26
22 11
14 8
7 13
9 11
42 15
14 3
2 10
42 32
8 11
43 16
22 12
3 12
21 13
3 10
11 8
19 26
21 34
13 19
4 9
3 10
20 25
4 12
4 8
4 7
3 9
15 2
0 9
16 14
18 14
18 30
4 6
1 9
10 19
14 3
5 8
18 15
3 6
2 5
44 22
1 4
27 40
4 5
0 4
3 4
23 41
3 5
4 4
5 4
3 3
6 5
6 5
15 1
42 16
18 30
27 39
4 2
5 1
6 3
5 0
1 3
28 39
28 40
25 9
31 12
20 34
17 15
21 24
42 32
44 30
