25 25
26 25
26 26
26 26
26 24
27 26
24 26
28 27
23 27
24 27
28 28
22 27
25 28
27 23
27 25
28 23
25 24
22 26
21 27
24 23
25 22
22 25
25 21
24 22
20 28
27 28
20 27
25 29
19 26
25 28
28 29
23 25
24 22
18 26
28 25
17 25
18 25
20 26
19 29
17 25
16 24
22 26
29 25
16 24
18 25
26 20
21 29
19 30
18 30
22 30
27 19
29 28
15 24
18 30
19 30
18 29
15 23
28 20
29 19
17 30
29 28
17 23
28 18
26 18
22 30
22 30
19 24
21 31
20 31
28 18
16 30
28 17
14 23
28 16
29 17
13 22
25 17
28 17
29 16
27 15
15 31
29 16
24 16
14 25
23 31
19 32
14 25
13 24
24 17
18 33
16 30
21 31
18 33
14 23
15 32
16 26
25 15
16 30
27 14
30 18
16 30
30 18
15 33
12 21
28 14
26 14
27 13
27 14
12 23
13 26
14 33
17 34
26 15
16 33
29 15
14 21
13 27
25 14
19 34
12 22
17 35
15 30
25 14
24 17
17 35
11 22
13 34
11 20
24 14
11 23
23 13
12 33
13 20
12 34
14 33
12 24
15 20
13 35
12 27
11 34
10 19
30 20
12 34
12 19
30 20
10 20
23 17
13 28
12 36
14 30
11 22
18 35
11 35
12 36
18 22
31 20
31 17
13 36
28 30
17 36
11 27
14 36
32 17
29 13
10 36
17 35
11 18
12 24
27 14
22 16
26 13
14 36
11 25
14 36
30 14
32 19
11 37
28 13
20 34
11 32
10 26
26 12
24 20
9 37
19 36
10 17
16 19
27 13
33 16
25 29
8 37
22 16
33 18
14 19
9 37
8 36
30 14
9 17
8 38
30 17
28 31
25 12
8 37
12 38
8 37
9 26
19 37
9 36
28 32
27 11
8 36
8 38
20 38
10 25
9 39
21 35
7 39
26 11
7 38
8 17
29 12
8 18
22 13
8 16
21 37
9 39
19 39
26 10
22 35
21 12
9 26
7 17
29 32
20 38
7 15
9 24
7 40
32 16
26 9
7 38
7 18
31 14
20 11
8 14
8 14
22 38
13 39
6 40
6 16
6 40
10 34
7 37
30 33
20 13
23 37
7 39
8 36
23 39
9 26
30 32
18 39
7 40
23 38
30 12
11 35
5 16
14 40
19 12
11 32
34 16
6 14
10 16
11 17
6 39
9 15
7 18
17 40
15 18
7 35
9 33
24 39
4 15
7 35
28 11
7 41
5 13
21 11
20 10
19 11
5 16
14 41
5 41
25 9
28 10
22 11
3 14
4 40
6 12
3 15
17 18
21 9
5 14
28 11
12 16
10 15
5 41
15 42
8 41
15 41
27 8
27 32
30 33
19 9
7 12
5 17
31 34
7 42
9 41
24 8
22 40
18 41
28 7
16 43
31 32
8 39
3 13
34 18
27 8
21 10
27 6
32 34
8 26
23 8
17 44
7 11
23 8
28 7
4 39
29 8
23 41
22 39
14 43
18 40
4 40
7 12
6 43
2 16
32 32
8 11
3 13
3 13
4 12
3 12
22 9
20 13
10 40
22 42
3 38
17 17
3 12
29 7
9 10
8 26
5 12
7 27
7 12
18 10
10 14
3 16
3 39
15 17
25 7
17 45
6 34
24 8
1 15
17 11
17 11
9 10
35 19
32 32
11 41
31 34
2 40
3 38
2 37
6 10
6 38
10 10
3 38
2 17
18 42
27 33
32 31
2 37
29 10
21 43
5 12
11 13
9 12
18 45
28 5
5 9
6 35
25 6
30 10
1 40
1 36
8 19
8 33
3 39
7 12
5 9
16 11
30 10
8 9
17 44
2 15
30 34
3 11
25 6
6 10
4 40
6 44
10 9
17 46
6 28
19 44
7 19
5 9
24 39
6 44
36 19
3 10
7 35
34 15
31 11
2 10
32 14
4 42
4 42
32 33
8 9
1 18
4 41
5 43
0 40
15 12
2 17
28 4
7 45
32 10
32 35
17 46
9 27
21 8
3 43
0 41
7 8
17 47
10 8
10 9
33 34
7 45
7 8
1 9
5 28
14 12
32 10
4 43
33 9
3 44
1 36
18 48
35 14
11 10
8 28
1 42
32 36
1 8
18 10
1 19
22 42
29 26
29 3
1 42
18 47
18 45
29 25
1 8
21 8
2 44
1 9
16 47
12 9
2 7
2 44
29 35
1 44
8 42
2 10
2 7
1 20
1 7
8 24
30 2
1 44
24 5
4 45
3 43
24 42
28 3
20 45
2 45
5 34
29 24
37 19
17 49
27 5
19 8
2 46
31 36
31 3
2 46
33 9
1 44
30 25
18 10
32 32
31 1
30 1
0 42
33 8
2 46
29 5
29 2
8 46
7 45
33 20
11 7
13 9
32 36
0 7
13 41
16 44
31 3
3 46
2 47
18 9
31 0
6 26
37 19
2 47
17 50
24 5
33 31
33 31
38 19
11 6
38 20
30 6
1 21
0 36
32 36
16 11
38 20
1 20
31 1
5 46
25 4
7 47
3 46
6 48
7 47
8 48
6 46
25 42
35 14
0 6
38 19
0 6
36 20
1 48
3 6
6 48
22 31
38 20
34 32
1 5
6 48
5 49
32 30
1 22
8 47
7 49
19 7
35 32
26 43
1 49
10 5
29 36
33 36
0 6
34 7
15 44
33 21
25 42
18 9
8 43
35 33
19 7
32 2
33 6
21 7
34 6
1 5
16 49
18 50
36 32
1 6
13 8
17 8
6 8
4 6
4 5
27 43
16 48
39 18
11 6
15 49
32 6
37 32
4 6
3 4
20 6
17 8
15 49
15 47
4 4
37 32
36 32
2 22
28 43
35 14
7 26
33 7
21 45
37 32
1 48
39 21
39 17
19 50
38 17
35 6
28 44
14 48
7 23
10 4
28 45
5 25
36 14
34 7
33 11
20 6
3 4
38 32
28 42
11 3
37 13
36 5
5 4
39 22
11 4
28 46
20 49
10 4
0 35
26 44
35 4
28 43
14 7
2 35
35 5
27 47
38 14
37 12
35 8
38 31
5 29
19 50
12 3
38 12
11 5
33 36
24 3
37 16
28 45
27 47
28 47
36 9
39 23
29 46
2 36
30 36
10 2
11 4
11 4
39 24
33 36
28 46
32 36
29 47
9 4
34 35
2 3
37 10
40 16
0 34
39 33
39 12
6 3
30 47
29 44
25 44
3 34
36 34
2 2
34 21
40 12
21 5
25 45
38 34
11 1
38 9
39 14
36 6
40 13
30 46
1 2
41 15
35 4
10 2
38 35
38 35
38 35
39 30
33 29
31 47
33 3
39 31
39 9
39 31
39 36
37 4
13 2
31 46
39 22
41 11
33 1
37 36
34 37
39 25
9 33
23 2
37 5
40 13
30 43
41 13
30 43
26 48
38 37
30 48
27 47
33 37
40 37
42 12
42 14
38 3
37 31
38 6
38 36
40 8
39 35
40 20
36 37
19 5
14 3
38 38
41 8
38 3
39 3
41 36
43 11
36 38
39 26
43 13
43 15
42 36
40 29
38 37
36 38
41 7
35 39
40 29
40 26
39 39
32 47
40 32
44 15
31 48
39 21
40 26
41 31
39 2
38 39
40 27
31 47
44 16
39 40
41 8
42 36
34 3
39 32
43 15
45 16
33 48
45 16
41 6
34 40
45 16
38 2
41 7
41 17
33 38
42 36
33 47
40 40
19 4
43 37
42 6
42 16
39 4
41 27
39 40
41 41
44 12
43 36
41 41
40 2
40 27
30 49
39 39
41 39
41 5
41 41
45 15
42 40
40 1
42 42
44 35
42 31
44 38
42 41
41 1
44 36
42 5
45 14
45 35
41 41
43 32
45 34
33 48
41 29
43 5
39 41
42 4
41 42
41 42
44 4
40 1
42 2
41 19
43 43
44 39
34 47
43 43
35 48
37 39
42 18
45 4
44 44
44 44
45 4
35 41
44 5
46 33
44 4
44 43
43 2
44 43
42 43
44 10
35 48
42 1
46 13
46 32
46 15
44 32
44 33
43 18
41 43
41 21
45 9
47 12
46 17
44 9
44 43
43 9
46 4
46 31
47 13
44 44
42 27
45 30
35 46
36 49
46 11
47 31
44 44
45 44
48 13
48 12
42 44
42 27
44 42
38 42
47 31
46 44
46 44
35 46
46 29
46 44
47 3
42 27
46 28
46 43
47 31
43 44
44 43
47 29
47 14
49 12
43 28
47 32
46 42
45 44
43 26
47 17
47 18
44 5
48 33
46 41
47 45
47 27
46 46
48 46
42 45
35 45
48 33
46 27
36 50
48 46
49 47
46 42
48 18
42 46
41 46
46 4
49 47
46 47
48 48
49 46
49 34
46 46
48 3
42 21
45 48
42 45
44 48
44 49
46 48
48 4
36 47
49 35
47 26
47 40
46 48
49 36
43 47
41 47
47 25
