25 25
26 26
26 25
24 26
26 24
23 27
24 28
25 24
27 27
24 24
27 24
24 29
28 28
29 28
24 28
23 23
25 24
22 22
23 22
26 23
25 30
23 26
22 28
23 22
25 31
21 28
28 23
30 28
31 29
22 23
30 30
22 21
20 28
23 28
32 30
21 29
23 21
21 20
20 27
20 30
31 30
20 30
32 30
19 28
26 22
25 32
19 26
29 22
29 24
32 30
33 31
32 28
22 21
21 19
33 29
20 18
30 21
34 29
25 21
18 26
17 25
31 20
31 20
32 21
21 19
26 32
16 26
33 20
21 22
32 19
18 29
35 30
32 32
34 19
19 17
32 19
36 29
29 31
22 18
35 18
33 33
22 17
19 16
34 31
32 33
21 21
36 19
33 34
26 33
37 20
15 25
31 34
34 17
16 24
14 26
33 16
16 23
14 25
19 30
26 34
16 27
24 33
14 25
26 20
32 34
32 35
27 35
18 17
37 28
34 35
21 31
26 34
32 15
19 15
17 18
35 36
13 25
13 25
18 14
36 28
29 32
18 15
25 35
36 18
24 33
18 13
18 12
38 21
38 21
19 14
29 21
38 21
36 30
17 15
19 11
15 28
12 24
35 37
23 33
31 14
21 17
20 12
35 36
37 17
20 10
26 36
34 16
14 29
16 16
14 30
27 19
36 35
33 21
36 37
35 35
20 15
38 17
37 27
37 36
21 10
31 13
39 20
25 37
37 37
12 26
39 22
31 36
25 38
17 11
34 37
13 29
30 37
13 31
21 15
11 27
22 10
31 38
17 14
37 38
11 24
12 31
40 22
21 15
37 39
38 35
16 11
26 39
24 37
19 9
18 10
36 37
36 40
39 23
10 23
37 40
9 22
36 40
23 16
31 20
15 10
11 23
35 16
9 21
15 12
16 15
41 22
38 35
11 30
15 22
14 31
16 14
26 39
9 23
40 22
17 10
31 38
14 10
10 29
40 19
37 39
10 26
30 14
13 10
41 19
20 30
39 18
9 30
42 23
30 12
17 19
13 9
8 20
33 38
10 30
8 30
36 41
36 16
29 11
8 29
9 30
13 11
23 10
34 39
25 40
29 10
18 8
12 31
30 9
32 12
31 9
14 10
30 10
29 13
37 42
20 32
42 19
7 31
38 39
12 12
38 42
8 24
11 11
39 40
36 42
6 30
10 12
40 17
33 12
8 21
12 12
6 32
39 40
37 42
38 16
16 9
30 38
23 37
24 9
38 37
36 42
29 39
7 20
38 29
41 17
23 10
18 8
7 22
5 33
39 30
7 30
6 20
38 16
7 19
35 43
15 8
7 19
18 7
7 23
32 8
24 8
6 34
30 8
23 7
19 7
7 18
33 40
8 18
25 10
39 15
22 38
24 41
5 19
42 16
9 17
9 28
33 8
12 9
32 10
39 15
24 6
33 8
33 8
4 34
6 18
40 39
10 16
5 31
34 7
32 7
42 20
39 28
7 23
24 6
32 41
22 38
7 32
24 5
25 6
9 11
13 32
14 7
34 44
41 40
24 4
6 17
34 9
42 41
35 44
31 6
25 6
41 40
9 30
33 45
21 39
35 44
13 7
31 5
33 42
25 4
23 40
25 4
38 43
31 40
13 6
25 42
36 44
22 41
13 32
5 19
24 42
39 43
35 9
30 6
41 42
5 20
43 15
14 5
39 34
42 40
42 39
32 45
41 39
14 33
21 41
6 21
8 33
42 15
42 39
16 20
5 35
5 16
24 3
5 19
42 40
13 5
24 4
24 2
13 4
26 3
39 44
23 3
7 35
13 34
13 8
39 24
40 44
43 14
41 14
36 8
42 13
40 45
22 42
43 24
40 31
5 35
43 38
43 42
37 8
43 25
8 35
10 10
6 21
4 16
42 40
25 43
25 44
42 13
4 15
4 15
32 4
4 18
41 12
34 6
3 16
14 3
7 35
24 44
9 11
41 44
21 42
4 33
42 37
4 16
35 5
8 23
44 26
40 30
41 31
3 15
15 2
42 11
2 17
43 41
13 2
40 44
15 2
1 16
41 11
3 35
3 14
33 46
1 16
44 24
24 1
43 27
36 6
43 11
21 41
45 25
33 46
12 35
7 17
27 4
46 24
32 4
2 34
44 13
44 41
40 33
32 3
20 42
9 12
2 13
8 36
47 23
8 37
0 17
20 43
42 17
36 5
22 42
45 13
44 28
2 36
3 12
19 41
39 46
8 38
13 35
21 44
8 11
42 10
37 45
20 45
42 42
12 36
37 5
3 36
2 36
3 33
19 41
38 5
32 45
8 39
3 37
38 4
19 46
3 38
9 36
2 36
21 46
44 11
45 28
12 7
2 39
18 47
44 28
46 22
8 39
47 23
2 38
1 13
12 1
44 40
3 11
33 4
41 10
17 48
18 49
13 37
2 10
40 39
17 46
11 2
16 49
7 11
46 13
19 50
11 6
1 10
16 46
11 6
9 40
39 4
46 12
39 5
1 39
39 6
47 14
2 40
25 44
10 1
3 40
47 11
41 45
10 41
40 6
2 9
2 41
9 1
10 6
2 8
11 2
8 41
15 49
1 42
8 42
41 6
4 10
43 36
43 36
26 2
36 4
0 43
14 48
1 44
9 43
3 42
44 35
10 44
42 46
43 43
14 50
4 43
5 44
43 46
43 9
2 44
44 41
36 4
41 5
