25 25
24 25
24 24
24 24
23 25
25 25
23 23
22 24
26 24
25 26
27 25
22 26
21 26
28 25
23 27
21 26
25 27
21 26
24 27
21 27
20 27
26 28
24 23
19 27
19 28
29 25
22 28
21 23
22 22
24 22
26 29
25 22
19 28
26 30
18 28
18 29
27 30
21 22
26 31
27 31
20 21
21 22
28 31
19 21
27 32
20 23
25 21
29 30
21 20
20 29
21 28
27 23
18 30
30 26
29 25
18 26
18 30
25 20
18 20
30 25
17 31
28 31
27 22
17 20
29 32
30 31
28 24
18 32
16 20
30 33
29 27
20 19
31 25
24 19
19 18
18 33
15 20
31 25
17 31
17 31
14 20
25 18
32 24
18 17
19 33
16 19
14 19
20 32
31 33
25 17
29 34
31 25
28 35
24 16
32 34
33 23
17 26
34 24
25 15
25 19
27 33
21 18
23 15
24 15
24 14
28 36
24 13
25 20
25 13
31 26
27 36
18 17
26 15
31 34
26 12
31 34
18 34
32 32
26 16
16 31
24 12
19 16
19 15
31 26
27 15
18 35
18 29
14 18
15 21
13 17
26 11
26 11
27 14
28 37
15 31
26 37
15 30
19 14
27 11
31 35
17 29
25 10
15 32
29 37
34 25
12 17
28 16
13 16
32 33
12 16
14 30
31 36
14 16
22 15
16 33
18 36
31 37
12 18
32 33
26 10
18 36
29 16
32 23
26 38
33 31
28 11
27 9
13 21
28 13
26 38
28 38
13 29
20 13
32 36
20 34
11 16
11 15
29 10
17 28
28 9
29 11
31 37
18 37
35 26
12 28
12 29
11 29
28 38
29 12
36 27
10 28
30 15
28 8
12 21
30 12
35 24
11 16
31 13
14 21
10 16
12 15
24 9
9 17
10 14
8 16
12 30
35 28
27 39
36 29
17 35
31 37
32 38
24 8
36 24
30 12
17 38
37 28
9 29
12 14
9 30
26 40
16 39
30 9
37 23
16 38
31 38
38 29
38 22
38 21
16 34
19 38
39 21
16 40
12 15
32 33
8 16
10 14
24 7
21 35
25 41
14 15
24 8
24 42
38 27
23 6
9 18
10 13
15 41
12 17
24 5
8 19
24 4
24 4
27 8
14 32
20 39
10 13
14 41
25 7
11 31
7 20
27 21
32 39
25 4
15 39
8 20
38 29
20 39
31 40
39 22
33 40
13 42
33 41
15 34
31 15
34 42
34 42
14 31
35 43
34 42
33 43
15 34
37 25
35 42
16 42
20 12
30 10
14 43
32 16
36 42
26 7
32 38
40 23
15 44
39 27
32 43
14 45
13 33
16 45
12 43
36 41
32 42
13 45
12 44
6 21
16 46
22 7
31 44
12 42
31 45
31 45
16 47
8 28
7 16
17 48
37 20
37 20
32 12
31 11
8 20
38 30
7 21
12 46
32 12
15 48
37 31
39 23
40 21
24 43
11 12
40 20
33 13
11 45
33 44
10 32
39 29
32 17
37 41
27 6
31 45
38 41
11 43
39 42
41 21
41 21
39 43
36 44
33 11
