25 25 25
26 24 24
24 25 25
25 26 26
26 24 26
24 25 27
24 25 25
25 27 25
24 25 24
25 26 28
25 27 24
24 28 26
23 24 28
24 29 27
22 25 27
26 27 23
22 23 28
23 25 23
25 25 28
26 23 24
23 30 27
26 28 24
24 28 25
27 26 23
27 28 22
21 24 27
24 25 29
23 23 29
23 31 28
27 25 24
24 25 22
22 32 27
26 24 28
21 24 27
26 25 29
23 32 26
23 32 25
24 30 29
22 32 29
27 23 29
26 25 25
25 22 24
27 22 24
24 25 22
28 29 21
28 24 25
21 33 26
22 26 26
21 31 28
20 33 25
22 26 27
28 22 28
22 34 25
29 28 20
21 24 28
28 21 23
24 33 27
21 27 26
23 24 24
21 32 29
