25 25
25 25
25 24
25 25
24 26
23 25
25 26
26 27
25 27
25 23
24 23
25 22
25 24
24 21
23 20
27 28
24 22
25 26
22 26
22 20
26 29
28 27
27 29
28 28
23 19
23 19
24 22
29 29
26 25
24 28
30 30
21 20
31 30
30 30
25 21
21 19
24 18
23 17
29 26
22 16
22 15
31 30
25 17
22 15
24 17
31 29
26 22
30 26
24 16
20 19
27 21
21 15
21 26
24 21
22 15
20 19
21 14
31 27
25 15
19 18
24 29
32 28
33 29
33 29
33 28
21 13
27 30
23 27
20 12
19 20
34 29
18 19
17 20
20 25
35 28
36 29
19 12
37 30
35 30
30 31
18 13
31 31
38 29
26 14
27 14
34 31
23 28
29 32
17 19
27 30
37 28
28 15
19 25
27 14
38 27
39 26
23 14
39 26
17 12
19 25
23 29
32 32
31 31
30 32
38 31
39 29
28 33
31 27
26 30
40 30
27 33
22 12
28 13
17 21
18 22
38 31
39 25
