25 25
26 24
27 23
27 22
25 24
24 24
25 26
23 23
25 27
23 24
22 24
25 26
26 28
26 27
27 28
26 22
26 29
22 25
28 22
24 27
27 22
23 22
28 28
21 23
29 27
20 24
29 21
25 29
20 22
22 21
28 20
19 24
26 21
30 27
27 30
19 22
18 22
29 22
30 27
17 22
23 28
29 29
27 20
16 22
30 29
29 26
15 22
26 31
21 25
17 22
24 28
25 31
27 32
30 21
31 21
32 20
14 22
26 20
19 22
26 32
27 19
30 26
28 33
20 21
18 21
14 22
29 34
32 19
22 29
33 21
13 23
27 32
30 25
12 22
12 21
21 29
32 22
28 18
20 29
12 20
30 33
31 30
19 29
19 20
21 30
14 24
33 20
33 22
30 35
14 24
31 36
34 19
35 20
36 20
20 20
14 21
31 35
22 21
31 37
27 17
