50 25
50 25
50 24
50 24
50 25
49 26
49 27
49 24
48 28
47 29
49 28
50 29
47 28
49 30
48 31
48 32
47 32
47 32
46 33
46 33
45 33
47 34
45 34
50 31
48 34
44 32
48 23
47 22
46 23
43 33
46 34
43 34
48 34
48 21
44 35
43 36
49 35
48 35
48 36
46 21
48 36
45 21
44 20
49 37
46 20
43 21
44 19
42 37
42 20
47 19
44 18
47 29
44 37
41 37
42 21
44 17
48 38
48 39
44 31
47 38
44 16
42 38
40 36
45 16
46 15
43 18
42 17
48 40
43 39
43 15
42 18
49 39
40 38
42 20
39 35
47 15
46 14
47 13
48 13
42 16
42 22
38 36
39 34
41 17
40 16
41 23
39 39
38 40
39 41
48 41
38 41
39 42
41 18
39 17
47 42
44 14
40 15
43 32
41 21
39 14
39 43
40 39
40 24
38 14
37 13
39 34
39 24
37 39
41 25
38 42
37 43
38 25
42 25
39 26
36 39
