25 25
24 24
23 24
22 23
26 25
23 22
23 25
25 23
27 25
24 21
22 22
23 20
22 25
28 25
23 19
28 24
21 23
22 26
27 25
26 22
20 23
19 22
18 22
28 26
20 21
17 22
17 21
25 21
29 27
21 27
18 21
18 23
17 21
16 22
29 28
29 24
19 23
17 20
24 18
16 22
29 24
22 19
24 17
24 17
30 29
30 29
30 24
23 27
22 18
23 28
30 27
31 30
30 31
31 26
31 31
31 27
17 24
25 18
29 31
16 19
28 32
28 32
32 28
15 18
15 20
33 28
14 17
32 26
14 21
29 33
14 20
29 32
22 17
31 31
29 33
14 22
13 19
15 23
34 27
28 24
33 28
13 16
16 19
24 16
12 18
25 16
13 16
34 27
23 29
28 33
13 20
13 22
21 21
11 17
26 17
12 17
21 17
10 18
13 15
35 28
10 16
25 15
20 18
31 32
28 23
27 23
27 32
11 17
25 15
9 15
13 14
36 28
27 23
32 33
14 15
15 16
12 23
34 29
11 19
22 30
37 29
25 15
36 29
30 34
14 13
33 34
29 33
8 16
33 33
27 21
16 25
31 34
12 24
36 30
12 14
37 30
34 34
11 13
10 20
9 14
14 12
13 12
35 27
13 12
8 16
11 25
32 34
8 17
14 12
32 35
12 26
9 20
10 25
10 20
10 24
11 12
26 14
31 35
10 11
24 14
29 35
8 20
9 25
11 25
10 26
23 14
8 19
25 13
10 26
34 33
34 35
9 27
24 14
7 19
33 34
11 10
7 16
19 17
24 15
27 13
7 20
35 35
28 36
23 31
27 35
10 9
10 28
8 21
6 18
32 36
34 36
29 37
5 17
25 12
28 14
20 27
26 12
27 12
10 8
22 31
8 28
10 29
22 32
36 36
27 12
16 25
27 37
7 29
24 12
37 28
31 37
15 11
9 24
38 31
22 14
35 36
37 28
29 15
7 28
28 12
10 12
6 17
30 38
11 7
26 21
6 21
5 18
11 8
27 32
29 39
37 28
9 9
30 15
6 30
35 26
16 26
4 18
4 17
27 37
27 38
4 16
35 37
22 32
31 15
6 30
23 12
9 30
25 12
31 15
38 31
37 27
7 31
26 36
34 33
27 39
36 37
37 35
11 6
36 37
32 14
30 15
7 30
32 15
26 38
10 6
16 16
26 40
3 15
5 30
9 7
6 31
22 12
10 5
21 11
25 41
22 13
39 30
26 39
22 11
3 14
11 29
11 6
5 32
9 10
38 35
27 39
30 14
28 11
19 27
37 36
9 31
15 13
4 14
26 38
37 27
38 26
3 14
4 29
3 16
15 26
5 32
4 29
9 5
3 30
37 37
3 28
10 29
3 29
4 32
24 41
8 31
35 34
25 42
24 40
30 40
2 15
4 13
29 39
14 11
5 21
4 32
14 26
30 15
24 11
27 40
23 33
6 33
36 37
24 43
3 29
30 24
20 12
23 40
1 15
22 34
8 8
5 28
2 13
4 32
38 37
22 11
2 30
32 13
3 33
3 27
7 34
9 7
15 14
22 41
38 27
34 38
8 7
16 10
3 12
23 44
1 15
8 10
7 33
40 30
2 17
22 41
33 15
1 31
39 37
28 10
8 10
24 43
16 10
25 44
39 35
22 43
39 32
22 44
12 5
33 13
41 29
2 11
40 29
2 34
26 45
16 9
35 38
24 44
22 33
28 41
12 7
1 12
16 10
1 16
1 30
40 36
23 42
2 28
2 26
31 16
30 14
12 6
12 5
22 44
8 9
8 6
39 35
0 15
25 45
38 25
9 4
22 10
21 44
28 10
34 14
23 11
34 13
15 12
34 12
24 44
16 27
1 34
21 45
1 35
39 28
31 15
0 13
42 29
12 4
12 6
26 44
33 12
28 41
22 43
30 41
17 10
29 10
36 39
3 34
0 35
1 35
35 15
6 35
9 3
0 35
16 10
21 31
11 3
20 10
33 12
26 45
43 30
31 40
22 10
7 6
35 15
28 22
43 28
30 40
20 45
8 34
7 5
3 10
19 44
6 5
19 46
19 44
6 4
13 4
22 46
21 9
3 27
6 36
40 34
44 30
35 39
44 31
13 3
41 36
11 2
36 14
9 35
5 34
17 9
43 31
19 47
11 2
30 42
24 45
8 31
40 31
44 30
18 46
8 5
33 39
9 36
42 36
35 11
3 9
36 16
3 9
21 31
22 34
4 9
44 32
5 4
43 31
10 1
42 36
18 48
45 33
8 37
45 33
7 36
35 12
12 1
17 47
9 37
23 47
19 46
18 27
38 25
26 45
36 17
9 0
2 36
26 36
7 36
18 8
44 28
42 32
7 37
16 48
22 10
20 48
45 34
4 4
26 46
16 48
15 8
10 38
44 32
18 47
36 10
18 43
46 34
10 32
27 45
36 12
18 43
18 43
21 9
45 32
10 38
39 38
31 42
40 38
14 3
46 32
3 3
10 39
15 49
43 35
18 46
3 5
44 34
47 33
37 12
45 35
21 49
36 9
36 9
36 9
21 49
15 49
5 4
15 47
47 33
5 8
7 6
17 8
38 39
30 10
28 46
46 31
18 48
16 49
13 0
2 6
14 49
32 11
42 37
15 50
2 3
22 50
16 47
14 49
40 27
2 6
4 8
11 37
31 10
35 40
37 13
17 7
36 11
44 28
3 6
3 2
44 27
14 47
13 50
2 8
23 9
38 40
13 49
37 18
29 47
3 3
35 40
37 17
14 0
27 47
28 46
23 47
35 8
44 29
13 50
28 45
36 41
17 42
11 40
21 48
39 40
6 36
8 38
13 48
30 46
12 37
38 41
12 48
34 10
48 33
1 2
47 34
12 49
35 7
43 38
26 47
1 37
21 35
36 41
47 34
6 27
44 26
9 39
40 26
34 8
32 43
37 14
11 40
10 41
19 8
12 41
36 7
38 12
38 16
27 10
37 25
35 17
38 17
28 47
12 47
37 10
31 43
11 47
3 37
31 43
31 24
48 34
34 11
16 46
9 41
12 49
43 25
15 0
30 48
13 46
43 39
38 24
10 42
18 7
39 12
13 37
32 44
39 17
1 5
37 6
12 50
44 27
36 7
48 33
39 41
10 46
46 36
37 12
1 1
10 48
39 17
11 47
37 10
32 43
36 19
31 49
11 33
35 42
45 27
38 14
22 49
9 2
18 7
8 42
11 41
11 50
16 0
38 19
10 50
13 40
44 36
37 42
38 6
32 45
11 46
30 50
14 46
36 41
38 6
9 43
31 50
13 36
7 43
32 50
8 43
44 24
38 17
40 42
10 48
32 49
9 40
35 43
9 45
7 42
39 5
45 23
33 50
37 11
33 45
38 42
39 23
45 27
35 6
20 7
8 45
11 36
8 45
39 26
42 38
26 9
13 3
12 42
26 10
49 35
33 50
42 24
10 47
17 1
39 43
18 41
40 41
6 43
49 33
28 9
39 6
39 44
50 33
7 46
14 35
40 7
41 43
33 48
5 42
44 22
38 10
47 31
38 4
38 9
21 36
39 4
18 6
42 23
21 33
44 40
33 46
11 29
39 4
41 6
45 22
41 22
34 45
38 4
42 44
22 9
2 0
40 4
35 42
40 3
8 46
18 6
40 3
45 39
42 44
38 44
44 23
39 45
38 45
45 23
41 2
39 9
34 47
36 44
40 16
41 2
45 38
41 5
47 37
45 39
41 5
38 19
45 40
46 23
45 21
10 50
34 43
45 41
40 1
41 4
18 0
40 12
46 41
20 32
46 21
34 5
40 22
42 2
9 50
41 2
4 43
39 46
41 0
40 12
35 4
17 0
40 12
38 47
9 50
48 31
3 42
41 45
4 43
43 1
41 11
41 13
42 2
15 36
42 1
34 6
37 46
41 22
42 2
39 0
41 17
42 1
4 43
39 18
43 1
47 42
27 8
41 5
44 0
3 43
44 2
35 48
7 46
15 3
9 47
42 4
27 7
26 7
48 43
45 1
46 20
44 2
41 12
43 45
32 9
44 3
42 14
3 42
45 4
7 46
47 21
42 13
45 4
45 3
43 4
6 47
48 44
4 43
42 12
44 45
44 46
47 19
33 6
34 3
39 48
44 46
5 47
46 2
43 13
47 2
47 18
27 6
45 45
45 44
48 45
8 49
47 1
42 18
43 46
48 20
3 41
45 47
4 46
20 31
7 47
29 8
48 2
48 3
42 10
42 15
48 1
44 47
8 50
45 5
45 48
46 19
42 10
47 37
48 22
28 5
0 37
43 19
45 48
44 14
47 0
42 11
47 30
46 49
49 19
43 15
48 30
46 50
47 49
44 12
46 17
46 26
42 10
47 21
47 17
28 4
43 48
45 14
45 6
45 47
47 3
45 15
19 5
48 49
48 46
48 50
47 18
49 44
46 5
3 46
3 40
44 11
25 6
46 7
33 2
46 8
47 8
46 15
32 2
27 4
26 3
3 47
