25 25
24 25
26 26
25 27
27 27
24 27
23 24
26 28
22 24
28 26
28 26
23 28
23 24
22 28
29 25
25 24
30 26
31 25
30 24
31 24
30 25
31 25
32 26
22 29
27 27
24 29
33 27
21 27
33 25
34 25
33 28
34 26
34 27
34 28
33 28
22 30
35 28
32 28
31 27
35 24
32 29
30 27
32 23
36 28
36 23
35 27
27 29
37 23
38 22
36 29
37 28
27 30
39 23
39 23
33 30
20 28
39 23
40 22
34 31
22 31
21 26
20 25
32 24
38 22
21 31
21 31
21 31
25 29
39 23
38 27
22 31
36 28
36 23
19 29
33 32
41 22
35 32
37 28
36 30
35 33
23 30
23 32
34 33
24 33
23 31
36 31
19 24
42 23
34 34
33 34
42 23
43 22
36 34
18 25
41 23
41 24
21 23
43 23
32 22
18 24
42 21
37 32
18 24
18 24
22 33
39 21
43 22
36 32
43 21
38 33
39 28
33 32
26 23
44 20
21 34
37 31
25 32
39 32
44 20
45 21
38 21
38 34
38 20
23 34
20 34
39 27
40 33
45 19
38 35
35 35
39 31
38 35
40 32
40 31
20 34
34 36
46 21
19 35
17 24
36 23
42 24
37 36
37 20
34 36
38 36
34 35
33 37
21 22
40 31
41 34
33 36
41 31
45 21
40 33
33 38
42 35
36 37
44 18
16 25
43 20
40 30
42 31
21 21
41 36
32 39
24 33
43 35
33 40
45 20
41 37
43 36
18 35
46 21
43 18
41 37
42 20
34 39
43 32
41 30
44 18
46 19
32 33
43 17
32 21
40 37
37 37
44 34
39 19
38 37
42 38
42 38
47 20
42 37
34 41
39 19
16 26
44 36
22 20
39 18
43 38
43 35
44 37
47 18
37 38
44 18
15 27
38 39
48 21
42 36
38 17
45 37
17 36
43 23
33 37
26 33
20 35
47 19
44 39
40 38
17 35
23 20
32 40
45 33
34 40
17 34
38 16
44 23
43 39
21 20
22 19
16 35
18 28
19 36
43 31
45 40
46 37
35 42
44 41
45 38
39 40
14 26
21 36
27 34
37 18
43 41
44 17
22 36
47 36
20 19
40 40
34 40
43 41
47 21
45 42
17 37
20 19
45 33
20 20
37 18
18 24
33 35
15 34
40 40
46 37
32 41
48 35
46 42
47 22
42 42
36 43
42 42
46 40
49 36
46 43
49 35
32 21
46 37
14 28
15 24
47 42
44 43
46 44
42 42
45 32
46 41
37 18
32 38
37 42
43 16
39 15
46 45
19 23
16 23
15 23
40 40
48 42
45 43
39 17
48 22
47 42
20 21
47 39
45 32
46 46
38 14
43 30
43 44
18 37
47 17
48 40
16 38
49 22
38 14
16 37
44 15
33 20
45 47
37 14
31 38
15 37
35 44
38 13
45 15
34 45
17 23
37 14
41 43
45 47
19 19
49 43
16 38
14 37
46 46
13 28
44 47
45 48
48 44
34 45
18 38
14 25
41 43
43 47
42 29
49 45
14 27
44 14
31 37
46 49
35 46
37 43
37 12
43 47
38 12
43 46
47 49
42 48
40 43
21 37
36 13
34 46
48 45
50 46
18 38
31 42
39 14
21 38
46 15
46 14
36 12
12 29
18 37
14 38
36 47
41 47
13 26
33 42
11 29
36 48
43 44
11 30
35 47
33 45
48 49
15 33
12 30
36 45
36 11
47 47
37 49
23 20
37 49
33 21
47 50
38 12
34 47
40 48
37 50
12 27
13 39
13 39
13 39
12 27
18 18
48 16
12 38
33 46
37 10
37 10
36 9
18 18
33 47
11 38
38 10
47 13
45 13
36 8
32 48
35 10
19 18
32 49
37 8
46 12
10 38
10 39
18 38
30 43
36 7
43 13
32 50
18 38
36 8
9 39
31 50
34 48
34 9
11 29
9 39
10 31
37 6
20 39
18 17
10 28
47 11
11 40
10 37
9 27
8 38
9 31
8 38
23 37
33 10
9 27
37 9
9 32
12 26
19 39
9 37
21 39
10 31
33 9
9 30
18 17
14 23
43 12
8 39
29 44
8 30
11 26
32 10
8 38
7 38
8 32
32 10
7 32
48 11
28 44
28 44
18 40
7 33
10 26
18 39
9 28
7 39
11 39
35 13
7 39
35 6
31 48
49 10
10 27
31 44
37 5
35 5
10 41
18 16
18 41
44 11
9 33
6 34
6 32
19 15
10 25
11 41
27 45
34 4
19 40
34 4
9 24
15 39
9 28
10 42
6 39
9 26
18 14
37 4
19 42
6 40
5 33
8 36
9 43
18 14
7 40
9 42
16 40
5 35
9 23
34 3
34 5
46 10
6 35
6 41
6 40
6 39
28 43
19 42
49 9
8 25
8 43
38 6
38 6
7 41
7 24
8 43
34 10
6 39
7 43
39 9
5 38
19 43
33 3
17 42
34 13
4 36
5 41
7 23
38 5
27 43
13 23
17 16
3 35
20 42
5 40
17 14
16 43
9 22
15 23
6 22
19 41
31 42
8 22
36 14
2 35
6 24
4 38
4 41
6 23
5 41
26 46
4 42
8 22
5 21
16 44
3 39
25 46
10 44
5 22
31 21
4 43
15 41
19 44
32 3
2 38
5 25
13 22
4 21
1 34
24 47
15 40
3 20
48 9
4 20
15 23
17 45
9 45
4 21
3 43
34 2
9 45
12 21
7 31
19 45
2 20
27 35
3 40
31 2
17 17
2 20
3 43
11 45
11 45
4 43
4 23
1 37
1 33
2 21
6 43
6 30
5 25
31 2
31 50
16 45
4 44
3 23
2 42
37 5
3 21
2 24
3 23
12 46
16 18
4 45
4 25
12 45
19 14
12 20
11 41
32 8
31 9
2 25
1 24
3 26
3 43
1 24
2 22
11 46
22 20
19 13
1 32
46 9
11 47
31 8
15 46
47 9
3 19
20 13
19 12
3 19
1 19
21 13
16 14
2 18
5 46
20 12
10 45
20 11
6 47
10 48
3 18
4 46
38 3
4 47
30 8
40 10
23 47
45 9
10 49
5 48
12 47
46 8
19 11
4 49
14 47
30 10
22 13
4 48
50 8
41 11
39 6
19 46
6 49
15 15
21 10
21 11
49 7
9 21
19 11
21 10
31 2
50 7
31 10
31 4
14 16
22 9
3 17
21 10
20 10
4 17
22 8
1 17
27 22
22 7
5 16
29 11
13 15
28 10
31 1
12 15
21 6
30 3
30 3
9 21
39 2
37 3
11 14
5 17
4 15
18 12
23 7
10 13
40 5
10 13
35 15
27 11
12 13
3 15
18 11
15 13
23 7
9 13
9 13
11 13
24 6
2 15
2 14
9 12
24 5
8 13
24 4
25 5
2 13
17 10
2 12
1 12
13 12
20 7
6 15
18 9
20 7
13 11
24 3
1 11
1 10
9 11
2 9
2 11
0 10
3 13
3 12
12 10
16 9
1 8
3 8
2 8
2 9
4 7
7 13
10 10
12 9
23 3
10 10
19 6
18 5
17 6
13 9
23 2
23 1
4 6
13 8
18 5
12 7
11 8
